(Pdb) logistic_aggregator.hit_matrix
array([[   0.,    0.,    0.,    0.,    0.,    0.,    0.,    0.,    0.,
           1.,    0.,    0.,    0.,    0.,    2.,    2.,    2.,    0.,
           2.,    1.,    2.,    2.,    0.,    2.,    2.,    2.],
       [   0.,    0.,    1.,    1.,    0.,    1.,    0.,    0.,    1.,
           0.,    0.,    0.,    0.,    0.,    3.,    2.,    3.,    5.,
           2.,    1.,    3.,    4.,    1.,    1.,    3.,    1.],
       [   0.,    1.,    0.,    0.,    1.,    1.,    0.,    0.,    0.,
           0.,    0.,    0.,    0.,    0.,    1.,    0.,    0.,    0.,
           1.,    0.,    0.,    0.,    0.,    0.,    0.,    0.],
       [   0.,    1.,    0.,    0.,    0.,    0.,    0.,    0.,    0.,
           0.,    0.,    0.,    0.,    0.,    0.,    0.,    0.,    0.,
           1.,    0.,    0.,    1.,    0.,    1.,    0.,    0.],
       [   0.,    0.,    1.,    0.,    0.,    0.,    1.,    1.,    1.,
           0.,    1.,    0.,    0.,    0.,    0.,    0.,    0.,    0.,
           1.,    0.,    0.,    0.,    0.,    0.,    0.,    0.],
       [   0.,    1.,    1.,    0.,    0.,    0.,    1.,    0.,    0.,
           0.,    0.,    0.,    0.,    0.,    0.,    0.,    0.,    0.,
           1.,    0.,    0.,    0.,    0.,    0.,    0.,    0.],
       [   0.,    0.,    0.,    0.,    1.,    1.,    0.,    1.,    0.,
           0.,    1.,    0.,    0.,    0.,    0.,    0.,    0.,    0.,
           1.,    0.,    0.,    0.,    0.,    0.,    0.,    0.],
       [   0.,    0.,    0.,    0.,    1.,    0.,    1.,    0.,    0.,
           0.,   54.,   58.,   62.,   76.,    0.,    0.,    0.,    0.,
           1.,    0.,    0.,    0.,    0.,    0.,    0.,    0.],
       [   0.,    1.,    0.,    0.,    1.,    0.,    0.,    0.,    0.,
           0.,    0.,    0.,    0.,    0.,    0.,    0.,    0.,    0.,
           1.,    0.,    0.,    0.,    0.,    0.,    0.,    0.],
       [   1.,    0.,    0.,    0.,    0.,    0.,    0.,    0.,    0.,
           0.,    2.,    2.,    3.,    1.,  108.,  101.,  116.,  124.,
         112.,  121.,  108.,  120.,  109.,  119.,  126.,  112.],
       [   0.,    0.,    0.,    0.,    1.,    0.,    1.,   54.,    0.,
           2.,    0.,  217.,  231.,  245.,   51.,   42.,   56.,   47.,
          50.,   50.,   53.,   50.,   48.,   46.,   50.,   45.],
       [   0.,    0.,    0.,    0.,    0.,    0.,    0.,   58.,    0.,
           2.,  217.,    0.,  207.,  219.,   41.,   34.,   44.,   42.,
          48.,   40.,   40.,   36.,   42.,   45.,   43.,   46.],
       [   0.,    0.,    0.,    0.,    0.,    0.,    0.,   62.,    0.,
           3.,  231.,  207.,    0.,  238.,   42.,   39.,   43.,   45.,
          45.,   42.,   39.,   43.,   48.,   42.,   48.,   42.],
       [   0.,    0.,    0.,    0.,    0.,    0.,    0.,   76.,    0.,
           1.,  245.,  219.,  238.,    0.,   45.,   40.,   54.,   52.,
          46.,   48.,   51.,   49.,   54.,   43.,   48.,   50.],
       [   2.,    3.,    1.,    0.,    0.,    0.,    0.,    0.,    0.,
         108.,   51.,   41.,   42.,   45.,    0.,  250.,  264.,  266.,
         256.,  271.,  270.,  255.,  267.,  249.,  272.,  254.],
       [   2.,    2.,    0.,    0.,    0.,    0.,    0.,    0.,    0.,
         101.,   42.,   34.,   39.,   40.,  250.,    0.,  250.,  255.,
         250.,  275.,  256.,  270.,  241.,  255.,  269.,  254.],
       [   2.,    3.,    0.,    0.,    0.,    0.,    0.,    0.,    0.,
         116.,   56.,   44.,   43.,   54.,  264.,  250.,    0.,  255.,
         266.,  269.,  261.,  259.,  262.,  253.,  272.,  260.],
       [   0.,    5.,    0.,    0.,    0.,    0.,    0.,    0.,    0.,
         124.,   47.,   42.,   45.,   52.,  266.,  255.,  255.,    0.,
         256.,  273.,  253.,  264.,  259.,  262.,  276.,  264.],
       [   2.,    2.,    1.,    1.,    1.,    1.,    1.,    1.,    1.,
         112.,   50.,   48.,   45.,   46.,  256.,  250.,  266.,  256.,
           0.,  274.,  239.,  257.,  248.,  248.,  274.,  262.],
       [   1.,    1.,    0.,    0.,    0.,    0.,    0.,    0.,    0.,
         121.,   50.,   40.,   42.,   48.,  271.,  275.,  269.,  273.,
         274.,    0.,  262.,  267.,  269.,  251.,  289.,  262.],
       [   2.,    3.,    0.,    0.,    0.,    0.,    0.,    0.,    0.,
         108.,   53.,   40.,   39.,   51.,  270.,  256.,  261.,  253.,
         239.,  262.,    0.,  260.,  245.,  248.,  280.,  248.],
       [   2.,    4.,    0.,    1.,    0.,    0.,    0.,    0.,    0.,
         120.,   50.,   36.,   43.,   49.,  255.,  270.,  259.,  264.,
         257.,  267.,  260.,    0.,  250.,  260.,  275.,  253.],
       [   0.,    1.,    0.,    0.,    0.,    0.,    0.,    0.,    0.,
         109.,   48.,   42.,   48.,   54.,  267.,  241.,  262.,  259.,
         248.,  269.,  245.,  250.,    0.,  241.,  267.,  263.],
       [   2.,    1.,    0.,    1.,    0.,    0.,    0.,    0.,    0.,
         119.,   46.,   45.,   42.,   43.,  249.,  255.,  253.,  262.,
         248.,  251.,  248.,  260.,  241.,    0.,  271.,  254.],
       [   2.,    3.,    0.,    0.,    0.,    0.,    0.,    0.,    0.,
         126.,   50.,   43.,   48.,   48.,  272.,  269.,  272.,  276.,
         274.,  289.,  280.,  275.,  267.,  271.,    0.,  277.],
       [   2.,    1.,    0.,    0.,    0.,    0.,    0.,    0.,    0.,
         112.,   45.,   46.,   42.,   50.,  254.,  254.,  260.,  264.,
         262.,  262.,  248.,  253.,  263.,  254.,  277.,    0.]])

475

models = ["mnist0", "mnist1", "mnist2", "mnist3", "mnist4",
          "mnist5", "mnist6", "mnist7", "mnist8", "mnist9",
          "mnist_bad_17", "mnist_bad_17", "mnist_bad_17", "mnist_bad_17",
          "mnist_bad_49", "mnist_bad_49", "mnist_bad_49", "mnist_bad_49",
          "mnist_bad_49", "mnist_bad_49", "mnist_bad_49", "mnist_bad_49",
          "mnist_bad_49", "mnist_bad_49", "mnist_bad_49", "mnist_bad_49"]
